1165.6096754074097 1079.1497359275818
1053.4293174743652 1197.3028936386108
1205.6466946601868 1195.1583931446075
510.1985101699829 660.2317159175873
90.03642296791077 300.1778597831726
518.2707645893097 1192.3106989860535
399.6377112865448 1190.9515900611877
1200.3814878463745 1230.5541541576385
433.2752161026001 347.2167022228241
193.501811504364 1187.601883649826
432.368647813797 601.0793006420135
1156.4548227787018 1156.1061611175537
1218.0941615104675 945.5122635364532
59.97838735580444 961.644553899765
197.5767116546631 73.02476000785828
1159.3636183738708 194.65244007110596
90.1108467578888 931.5433948040009
1188.6592783927917 1185.2184355258942
1220.2716345787048 191.55998826026917
289.285352230072 882.7510585784912
413.4424784183502 1051.2618231773376
180.35683584213257 840.9183893203735
1165.898609638214 155.54988551139832
210.38447499275208 900.9042675495148
1201.2673749923706 451.29890179634094
1202.9982707500458 992.6108982563019
661.6099095344543 752.008050441742
60.16504120826721 1233.8878633975983
932.1386661529541 1083.1025941371918
90.35494256019592 902.6687440872192
794.8309586048126 362.18579363822937
1142.4998269081116 361.25384044647217
1082.9446594715118 1233.7397274971008
992.360687494278 181.07888531684875
1203.7343184947968 181.06474781036377
150.98878502845764 1203.230177640915
1083.0797307491302 1172.1553571224213
181.05549359321594 840.5563907623291
1233.8644804954529 177.62125492095947
1231.5211381912231 1202.3080596923828
